Page : 1 of 2Date :
InOutDate Day
Time
ShiftNormal
Shift Details
 LateEarlyOut
OverTime
Actual1.0 1.5 2.03.0
Allowance
Attd ShiftMealTran	HealthReason
TALENT SYNERGY SDN BHD
Period  :
Individual Attendance Report With Actual Clock
01-03-2026 To 31-03-2026
Flat
Actual Clocking
Clk1Clk2Clk3Clk4	Allow
anceO
Allow
ance
09-04-2026 09:26:39
Emp Code 1000000876	Name : MOHAMAD FADHIL BIN ABDUL HALIM	Designation : EXECUTIVE
 0.00 0.00NORMA2 0.00 0.00 0.00 0.00 0.00 0.00 0.00 0.00 0.00 0.00 0.00 0.00 0.00RESSun01-03-2026 0.00 0.00 0.00 0.00 0.00 0.00 0.00
 7.46 16.49NORMA2 7.32 0.00 0.00 7.32 0.00 0.00 0.00 0.00 0.00 0.00 0.00 0.00 0.00Mon02-03-2026 0.00 0.00 0.00 16.49 0.00 0.00 7.46
 7.55 16.46NORMA2 7.27 0.00 0.00 7.27 0.00 0.00 0.00 0.00 0.00 0.00 0.00 0.00 0.00Tue03-03-2026 0.00 0.00 0.00 16.46 0.00 0.00 7.55
 7.44 16.48NORMA2 7.30 0.00 0.00 7.30 0.00 0.00 0.00 0.00 0.00 0.00 0.00 0.00 0.00Wed04-03-2026 0.00 0.00 0.00 16.48 0.00 0.00 7.44
 7.46 16.45NORMA2 7.25 0.00 0.00 7.25 0.00 0.00 0.00 0.00 0.00 0.00 0.00 0.00 0.00Thu05-03-2026 0.00 0.00 0.00 16.45 0.00 0.00 7.46
 7.46 16.46NORMA2 7.27 0.00 0.00 7.27 0.00 0.00 0.00 0.00 0.00 0.00 0.00 0.00 0.00Fri06-03-2026 0.00 0.00 0.00 16.46 0.00 0.00 7.46
 0.00 0.00NORMA2 0.00 0.00 0.00 0.00 0.00 0.00 0.00 0.00 0.00 0.00 0.00 0.00 0.00RESSat07-03-2026 0.00 0.00 0.00 0.00 0.00 0.00 0.00
 0.00 0.00NORMA2 0.00 0.00 0.00 0.00 0.00 0.00 0.00 0.00 0.00 0.00 0.00 0.00 0.00RESSun08-03-2026 0.00 0.00 0.00 0.00 0.00 0.00 0.00
 7.56 16.46NORMA2 7.27 0.00 0.00 7.27 0.00 0.00 0.00 0.00 0.00 0.00 0.00 0.00 0.00Mon09-03-2026 0.00 0.00 0.00 16.46 0.00 0.00 7.56
 7.54 16.57NORMA2 7.45 0.00 0.00 7.45 0.00 0.00 0.00 0.00 0.00 0.00 0.00 0.00 0.00Tue10-03-2026 0.00 0.00 0.00 16.57 0.00 0.00 7.54
 7.34 16.46NORMA2 7.27 0.00 0.00 7.27 0.00 0.00 0.00 0.00 0.00 0.00 0.00 0.00 0.00Wed11-03-2026 0.00 0.00 0.00 16.46 0.00 0.00 7.34
 7.37 16.46NORMA2 7.27 0.00 0.00 7.27 0.00 0.00 0.00 0.00 0.00 0.00 0.00 0.00 0.00Thu12-03-2026 0.00 0.00 0.00 16.46 0.00 0.00 7.37
 8.23 16.47NORMA2 7.28 0.00 0.00 7.28 0.00 0.00 0.00 0.00 0.00 0.00 0.00 0.00 0.00Fri13-03-2026 0.00 0.00 0.00 16.47 0.00 0.00 8.23
 7.52 17.01NORMA2 0.00 0.00 0.00 8.50 0.50 0.00 0.00 0.00 0.00 0.00 0.00 0.00 0.00RESSat14-03-2026 0.00 0.00 8.00 17.01 0.00 0.00 7.52
 7.56 17.46NORMA2 0.00 0.00 0.00 9.25 1.25 0.00 0.00 0.00 0.00 0.00 0.00 0.00 0.00RESSun15-03-2026 0.00 0.00 8.00 17.44 17.46 0.00 7.56
 7.32 18.17NORMA2 8.00 0.00 0.00 8.50 0.00 0.00 0.00 0.00 0.00 0.00 0.00 0.00 0.00Mon16-03-2026 0.50 0.00 0.00 18.15 18.17 0.00 7.32
 7.46 18.23NORMA2 8.00 0.00 0.00 8.50 0.00 0.00 0.00 0.00 0.00 0.00 0.00 0.00 0.00Tue17-03-2026 0.50 0.00 0.00 18.23 0.00 0.00 7.46
 7.38 16.46NORMA2 7.27 0.00 0.00 7.27 0.00 0.00 0.00 0.00 0.00 0.00 0.00 0.00 0.00Wed18-03-2026 0.00 0.00 0.00 16.46 0.00 0.00 7.38
 0.00 0.00NORMA2 0.00 0.00 0.00 0.00 0.00 0.00 0.00 0.00 0.00 0.00 0.00 0.00 0.00Thu19-03-2026 0.00 0.00 0.00 0.00 0.00 0.00 0.00
 0.00 0.00NORMA2 8.00 0.00 0.00 0.00 0.00 0.00 0.00 0.00 0.00 0.00 0.00 0.00 0.00PHFri20-03-2026 0.00 0.00 0.00 0.00 0.00 0.00 0.00
 0.00 0.00NORMA2 0.00 0.00 0.00 0.00 0.00 0.00 0.00 0.00 0.00 0.00 0.00 0.00 0.00PHSat21-03-2026 0.00 0.00 0.00 0.00 0.00 0.00 0.00
 0.00 0.00NORMA2 0.00 0.00 0.00 0.00 0.00 0.00 0.00 0.00 0.00 0.00 0.00 0.00 0.00PHSun22-03-2026 0.00 0.00 0.00 0.00 0.00 0.00 0.00
 0.00 0.00NORMA2 8.00 0.00 0.00 0.00 0.00 0.00 0.00 0.00 0.00 0.00 0.00 0.00 0.00PHMon23-03-2026 0.00 0.00 0.00 0.00 0.00 0.00 0.00
 0.00 0.00NORMA2 8.00 0.00 0.00 0.00 0.00 0.00 0.00 0.00 0.00 0.00 0.00 0.00 0.00CALTue24-03-2026 0.00 0.00 0.00 0.00 0.00 0.00 0.00
 0.00 0.00NORMA2 8.00 0.00 0.00 0.00 0.00 0.00 0.00 0.00 0.00 0.00 0.00 0.00 0.00CALWed25-03-2026 0.00 0.00 0.00 0.00 0.00 0.00 0.00
 0.00 0.00NORMA2 8.00 0.00 0.00 0.00 0.00 0.00 0.00 0.00 0.00 0.00 0.00 0.00 0.00CALThu26-03-2026 0.00 0.00 0.00 0.00 0.00 0.00 0.00
 0.00 0.00NORMA2 8.00 0.00 0.00 0.00 0.00 0.00 0.00 0.00 0.00 0.00 0.00 0.00 0.00PHFri27-03-2026 0.00 0.00 0.00 0.00 0.00 0.00 0.00
 0.00 0.00NORMA2 0.00 0.00 0.00 0.00 0.00 0.00 0.00 0.00 0.00 0.00 0.00 0.00 0.00RESSat28-03-2026 0.00 0.00 0.00 0.00 0.00 0.00 0.00
 0.00 0.00NORMA2 0.00 0.00 0.00 0.00 0.00 0.00 0.00 0.00 0.00 0.00 0.00 0.00 0.00RESSun29-03-2026 0.00 0.00 0.00 0.00 0.00 0.00 0.00
 7.49 19.00NORMA2 8.00 0.00 0.00 9.25 0.00 0.00 0.00 0.00 0.00 0.00 0.00 0.00 0.00Mon30-03-2026 1.25 0.00 0.00 19.00 0.00 0.00 7.49
 8.04 19.05NORMA2 8.00 0.00 0.00 9.25 0.00 0.00 0.00 0.00 0.00 0.00 0.00 0.00 0.00Tue31-03-2026 1.25 0.00 0.00 19.05 0.00 0.00 8.04
Allowance
HealthTranMealShiftAttd	Allowan
ceOther
Allowa
nceOth
Total :	0.00 0.00 0.00 0.00 0.00 0.00 0.000.00
FlatOT 3.0
0.001.75
OT 2.0OT 1.5
3.5016.00
OT 1.0
133.470.00
ActualEarlyOutLate
0.00160.22
Normal
Nrm Actual	Under OT 1.0 OT 1.5 OT 2.0 OT 3.0 Flat Attd Shift Meal Tran	Health
Allowance
Late	Allowanc
eOther2
Allowanc
eOther1
Cont... 
Page : 2 of 2Date :
InOutDate Day
Time
ShiftNormal
Shift Details
 LateEarlyOut
OverTime
Actual1.0 1.5 2.03.0
Allowance
Attd ShiftMealTran	HealthReason
TALENT SYNERGY SDN BHD
Period  :
Individual Attendance Report With Actual Clock
01-03-2026 To 31-03-2026
Flat
Actual Clocking
Clk1Clk2Clk3Clk4	Allow
anceO
Allow
ance
09-04-2026 09:26:39
Grand Total :	0.00160.22	16.00 3.50 1.75 0.00 0.00 0.00 0.00 0.00 0.00 0.00 0.000.000.00133.47 